u:\PHYS 402\Lab 4 (D2)\SingleSlitrun2_04mm_current.txt

DAQ PROGRAM: DIFFN4.prj 

Current Date: 
10-13-2020
Current Time: 
10:57:47
Total Number of Data Points:     
500
Number of Samples per Point:    
30000
Stepper Motor Step Size (Cycles):
10
Stepper Motor Step Size (Steps): 
400
Stepper Motor Step Size (cm):    
0.01
 Start Date:  10-13-2020
 Start Time:  10:41:11

Xpos 	Iobs 	Vobs 	Robs 
            0.0	       1.076972	      -0.002154	      -0.003974
           0.01	       1.123818	      -0.002248	      -0.004067
       0.020025	       1.085949	      -0.002172	      -0.003992
       0.030025	       1.180069	       -0.00236	       -0.00418
       0.040025	       1.213605	      -0.002427	      -0.004247
           0.05	       1.080319	      -0.002161	       -0.00398
           0.06	       1.221262	      -0.002443	      -0.004262
       0.070025	       1.195952	      -0.002392	      -0.004212
       0.080025	       1.278071	      -0.002556	      -0.004376
       0.090025	       1.324671	      -0.002649	      -0.004469
            0.1	       1.279654	      -0.002559	      -0.004379
           0.11	        1.28362	      -0.002567	      -0.004387
       0.120025	       1.331862	      -0.002664	      -0.004484
       0.130025	       1.392363	      -0.002785	      -0.004605
       0.140025	       1.394132	      -0.002788	      -0.004608
           0.15	       1.361521	      -0.002723	      -0.004543
           0.16	       1.400321	      -0.002801	       -0.00462
       0.170025	       1.341721	      -0.002683	      -0.004503
       0.180025	       1.425379	      -0.002851	      -0.004671
       0.190025	       1.441772	      -0.002884	      -0.004703
            0.2	       1.364703	      -0.002729	      -0.004549
           0.21	       1.372744	      -0.002745	      -0.004565
       0.220025	       1.433929	      -0.002868	      -0.004688
       0.230025	        1.43314	      -0.002866	      -0.004686
       0.240025	         1.4709	      -0.002942	      -0.004762
       0.250025	       1.413423	      -0.002827	      -0.004647
           0.26	        1.37517	       -0.00275	       -0.00457
       0.270025	       1.437467	      -0.002875	      -0.004695
       0.280025	       1.431716	      -0.002863	      -0.004683
       0.290025	       1.453154	      -0.002906	      -0.004726
       0.300025	       1.386919	      -0.002774	      -0.004594
           0.31	       1.400064	        -0.0028	       -0.00462
       0.320025	       1.392807	      -0.002786	      -0.004605
       0.330025	       1.426968	      -0.002854	      -0.004674
       0.340025	       1.389274	      -0.002779	      -0.004598
           0.35	       1.418445	      -0.002837	      -0.004657
       0.360025	       1.388168	      -0.002776	      -0.004596
       0.370025	        1.41058	      -0.002821	      -0.004641
       0.380025	        1.39394	      -0.002788	      -0.004608
       0.390025	       1.396279	      -0.002793	      -0.004612
       0.400025	       1.316663	      -0.002633	      -0.004453
           0.41	       1.334179	      -0.002668	      -0.004488
       0.420025	       1.341469	      -0.002683	      -0.004503
       0.430025	       1.308935	      -0.002618	      -0.004438
       0.440025	       1.362463	      -0.002725	      -0.004545
           0.45	       1.318635	      -0.002637	      -0.004457
           0.46	       1.302609	      -0.002605	      -0.004425
       0.470025	        1.33051	      -0.002661	      -0.004481
       0.480025	       1.254191	      -0.002508	      -0.004328
       0.490025	       1.320755	      -0.002642	      -0.004461
            0.5	       1.327661	      -0.002655	      -0.004475
           0.51	       1.252225	      -0.002504	      -0.004324
       0.520025	        1.29103	      -0.002582	      -0.004402
       0.530025	       1.297679	      -0.002595	      -0.004415
       0.540025	       1.261782	      -0.002524	      -0.004343
           0.55	       1.247837	      -0.002496	      -0.004315
           0.56	       1.268097	      -0.002536	      -0.004356
       0.570025	       1.154364	      -0.002309	      -0.004129
       0.580025	       1.166222	      -0.002332	      -0.004152
       0.590025	        1.20247	      -0.002405	      -0.004225
            0.6	       1.201145	      -0.002402	      -0.004222
           0.61	       1.132795	      -0.002266	      -0.004085
       0.620025	       1.091503	      -0.002183	      -0.004003
       0.630025	       1.125084	       -0.00225	       -0.00407
       0.640025	       1.046278	      -0.002093	      -0.003912
           0.65	       1.042488	      -0.002085	      -0.003905
           0.66	       1.093245	      -0.002186	      -0.004006
       0.670025	       0.962018	      -0.001924	      -0.003744
       0.680025	       0.982289	      -0.001965	      -0.003784
       0.690025	        0.98121	      -0.001962	      -0.003782
            0.7	       0.910653	      -0.001821	      -0.003641
       0.710025	       0.958633	      -0.001917	      -0.003737
       0.720025	       0.877894	      -0.001756	      -0.003576
       0.730025	       0.832642	      -0.001665	      -0.003485
       0.740025	       0.850497	      -0.001701	      -0.003521
           0.75	       0.852146	      -0.001704	      -0.003524
       0.760025	       0.728258	      -0.001457	      -0.003276
       0.770025	       0.773878	      -0.001548	      -0.003368
       0.780025	       0.650149	        -0.0013	       -0.00312
       0.790025	       0.655171	       -0.00131	       -0.00313
       0.800025	       0.629144	      -0.001258	      -0.003078
           0.81	       0.578897	      -0.001158	      -0.002978
       0.820025	        0.50989	       -0.00102	       -0.00284
       0.830025	       0.535402	      -0.001071	      -0.002891
       0.840025	       0.443096	      -0.000886	      -0.002706
           0.85	       0.437624	      -0.000875	      -0.002695
           0.86	       0.406788	      -0.000814	      -0.002633
       0.870025	       0.365364	      -0.000731	      -0.002551
       0.880025	       0.353364	      -0.000707	      -0.002527
       0.890025	       0.327512	      -0.000655	      -0.002475
       0.900025	       0.216178	      -0.000432	      -0.002252
           0.91	       0.160245	       -0.00032	       -0.00214
       0.920025	       0.216386	      -0.000433	      -0.002253
       0.930025	       0.171265	      -0.000343	      -0.002162
       0.940025	       0.103168	      -0.000206	      -0.002026
           0.95	       0.039512	      -0.000079	      -0.001899
           0.96	       0.039939	       -0.00008	        -0.0019
       0.970025	       0.022637	      -0.000045	      -0.001865
       0.980025	       0.050707	      -0.000101	      -0.001921
       0.990025	       0.046972	      -0.000094	      -0.001914
       1.000025	       0.008577	      -0.000017	      -0.001837
       1.010025	       0.038263	       0.000077	      -0.001743
       1.020025	       0.017943	      -0.000036	      -0.001856
       1.030025	       0.041276	       0.000083	      -0.001737
       1.040025	        0.00838	       0.000017	      -0.001803
           1.05	       0.025206	       -0.00005	       -0.00187
           1.06	       0.034643	      -0.000069	      -0.001889
       1.070025	       0.028547	      -0.000057	      -0.001877
       1.080025	       0.066909	      -0.000134	      -0.001954
       1.090025	       0.134645	      -0.000269	      -0.002089
            1.1	       0.133988	      -0.000268	      -0.002088
           1.11	       0.238344	      -0.000477	      -0.002296
       1.120025	       0.280025	       -0.00056	       -0.00238
       1.130025	       0.257793	      -0.000516	      -0.002335
       1.140025	       0.358923	      -0.000718	      -0.002538
           1.15	       0.483747	      -0.000967	      -0.002787
           1.16	       0.554742	      -0.001109	      -0.002929
       1.170025	        0.56751	      -0.001135	      -0.002955
       1.180025	       0.714385	      -0.001429	      -0.003249
       1.190025	       0.767261	      -0.001535	      -0.003354
            1.2	       0.922166	      -0.001844	      -0.003664
       1.210025	       1.105903	      -0.002212	      -0.004032
       1.220025	       1.138459	      -0.002277	      -0.004097
       1.230025	        1.28041	      -0.002561	      -0.004381
       1.240025	       1.517905	      -0.003036	      -0.004856
           1.25	       1.651608	      -0.003303	      -0.005123
       1.260025	       1.783169	      -0.003566	      -0.005386
       1.270025	       1.904767	       -0.00381	      -0.005629
       1.280025	       2.107898	      -0.004216	      -0.006036
       1.290025	       2.325034	       -0.00465	       -0.00647
            1.3	       2.521576	      -0.005043	      -0.006863
           1.31	       2.779337	      -0.005559	      -0.007378
       1.320025	       2.938492	      -0.005877	      -0.007697
       1.330025	       3.217498	      -0.006435	      -0.008255
       1.340025	       3.420799	      -0.006842	      -0.008661
           1.35	       3.599425	      -0.007199	      -0.009019
       1.360025	       3.911836	      -0.007824	      -0.009643
       1.370025	       4.088808	      -0.008178	      -0.009997
       1.380025	       4.362901	      -0.008726	      -0.010546
       1.390025	       4.648737	      -0.009297	      -0.011117
            1.4	       4.960431	      -0.009921	      -0.011741
           1.41	       5.325642	      -0.010651	      -0.012471
       1.420025	       5.508962	      -0.011018	      -0.012838
       1.430025	       5.922745	      -0.011845	      -0.013665
       1.440025	       6.242462	      -0.012485	      -0.014305
           1.45	       6.607608	      -0.013215	      -0.015035
           1.46	       6.912636	      -0.013825	      -0.015645
       1.470025	       7.224384	      -0.014449	      -0.016269
       1.480025	       7.604077	      -0.015208	      -0.017028
       1.490025	       7.990753	      -0.015982	      -0.017801
            1.5	       8.370281	      -0.016741	       -0.01856
       1.510025	       8.747339	      -0.017495	      -0.019314
       1.520025	       9.054613	      -0.018109	      -0.019929
       1.530025	       9.527921	      -0.019056	      -0.020876
       1.540025	        9.93272	      -0.019865	      -0.021685
           1.55	      10.316954	      -0.020634	      -0.022454
       1.560025	      10.783908	      -0.021568	      -0.023388
       1.570025	      11.165529	      -0.022331	      -0.024151
       1.580025	      11.640781	      -0.023282	      -0.025101
       1.590025	      12.102806	      -0.024206	      -0.026025
            1.6	      12.551385	      -0.025103	      -0.026923
       1.610025	      13.093628	      -0.026187	      -0.028007
       1.620025	      13.555253	      -0.027111	       -0.02893
       1.630025	      14.047775	      -0.028096	      -0.029915
       1.640025	      14.467862	      -0.028936	      -0.030756
           1.65	      15.066251	      -0.030133	      -0.031952
           1.66	      15.565664	      -0.031131	      -0.032951
       1.670025	       16.08441	      -0.032169	      -0.033989
       1.680025	      16.548725	      -0.033097	      -0.034917
       1.690025	      17.073392	      -0.034147	      -0.035967
            1.7	      17.603701	      -0.035207	      -0.037027
       1.710025	      18.150129	        -0.0363	       -0.03812
       1.720025	      18.642333	      -0.037285	      -0.039104
       1.730025	      19.207016	      -0.038414	      -0.040234
       1.740025	      19.777982	      -0.039556	      -0.041376
           1.75	      20.389473	      -0.040779	      -0.042599
           1.76	      20.912475	      -0.041825	      -0.043645
       1.770025	      21.530418	      -0.043061	      -0.044881
       1.780025	      22.095107	       -0.04419	       -0.04601
       1.790025	      22.579977	       -0.04516	       -0.04698
            1.8	      23.233856	      -0.046468	      -0.048287
           1.81	      23.792542	      -0.047585	      -0.049405
       1.820025	      24.317001	      -0.048634	      -0.050454
       1.830025	      24.918754	      -0.049838	      -0.051657
       1.840025	      25.534851	       -0.05107	      -0.052889
           1.85	      26.210408	      -0.052421	      -0.054241
           1.86	      26.782864	      -0.053566	      -0.055386
       1.870025	      27.355555	      -0.054711	      -0.056531
       1.880025	      27.946835	      -0.055894	      -0.057713
       1.890025	      28.482747	      -0.056965	      -0.058785
            1.9	      29.145077	       -0.05829	       -0.06011
       1.910025	      29.695306	      -0.059391	       -0.06121
       1.920025	      30.285852	      -0.060572	      -0.062391
       1.930025	      30.894813	       -0.06179	      -0.063609
       1.940025	      31.593796	      -0.063188	      -0.065007
           1.95	      32.202066	      -0.064404	      -0.066224
           1.96	      32.755582	      -0.065511	      -0.067331
       1.970025	      33.407965	      -0.066816	      -0.068636
       1.980025	      34.020316	      -0.068041	       -0.06986
       1.990025	      34.647976	      -0.069296	      -0.071116
            2.0	      35.278002	      -0.070556	      -0.072376
           2.01	      36.021821	      -0.072044	      -0.073863
       2.020025	      36.704214	      -0.073408	      -0.075228
       2.030025	      37.237233	      -0.074474	      -0.076294
       2.040025	      37.832479	      -0.075665	      -0.077485
           2.05	      38.556307	      -0.077113	      -0.078932
       2.060025	      39.100275	      -0.078201	       -0.08002
       2.070025	      39.629565	      -0.079259	      -0.081079
       2.080025	      40.323329	      -0.080647	      -0.082466
       2.090025	      40.941929	      -0.081884	      -0.083704
            2.1	      41.554477	      -0.083109	      -0.084929
           2.11	       42.17752	      -0.084355	      -0.086175
       2.120025	      42.821435	      -0.085643	      -0.087463
       2.130025	      43.233936	      -0.086468	      -0.088288
       2.140025	      44.017448	      -0.088035	      -0.089855
           2.15	      44.538626	      -0.089077	      -0.090897
       2.160025	       45.13344	      -0.090267	      -0.092087
       2.170025	      45.669461	      -0.091339	      -0.093159
       2.180025	      46.246364	      -0.092493	      -0.094313
       2.190025	      46.689734	      -0.093379	      -0.095199
            2.2	      47.472369	      -0.094945	      -0.096765
       2.210025	      47.989577	      -0.095979	      -0.097799
       2.220025	      48.438358	      -0.096877	      -0.098697
       2.230025	      48.872882	      -0.097746	      -0.099566
       2.240025	      49.506857	      -0.099014	      -0.100834
           2.25	      49.992116	      -0.099984	      -0.101804
       2.260025	       50.50458	      -0.101009	      -0.102829
       2.270025	      51.070765	      -0.102142	      -0.103961
       2.280025	      51.536815	      -0.103074	      -0.104893
       2.290025	      52.004531	      -0.104009	      -0.105829
            2.3	      52.685303	      -0.105371	       -0.10719
           2.31	      53.096286	      -0.106193	      -0.108012
       2.320025	      53.490406	      -0.106981	      -0.108801
       2.330025	       53.83924	      -0.107678	      -0.109498
       2.340025	      54.177794	      -0.108356	      -0.110175
           2.35	       54.82814	      -0.109656	      -0.111476
       2.360025	      55.225249	       -0.11045	       -0.11227
       2.370025	      55.517165	      -0.111034	      -0.112854
       2.380025	      55.793088	      -0.111586	      -0.113406
       2.390025	      56.173635	      -0.112347	      -0.114167
            2.4	      56.537367	      -0.113075	      -0.114895
       2.410025	      56.978562	      -0.113957	      -0.115777
       2.420025	      57.248389	      -0.114497	      -0.116317
       2.430025	      57.553115	      -0.115106	      -0.116926
       2.440025	      57.965315	      -0.115931	       -0.11775
           2.45	      58.408104	      -0.116816	      -0.118636
           2.46	      58.499633	      -0.116999	      -0.118819
       2.470025	      58.744434	      -0.117489	      -0.119309
       2.480025	      59.015159	       -0.11803	       -0.11985
       2.490025	      59.236605	      -0.118473	      -0.120293
            2.5	      59.393449	      -0.118787	      -0.120607
       2.510025	      59.648553	      -0.119297	      -0.121117
       2.520025	      59.934027	      -0.119868	      -0.121688
       2.530025	      60.061191	      -0.120122	      -0.121942
       2.540025	      60.330727	      -0.120661	      -0.122481
           2.55	      60.418854	      -0.120838	      -0.122657
           2.56	        60.6256	      -0.121251	      -0.123071
       2.570025	      60.591992	      -0.121184	      -0.123004
       2.580025	      60.550065	        -0.1211	       -0.12292
       2.590025	      60.765262	      -0.121531	       -0.12335
            2.6	      60.925715	      -0.121851	      -0.123671
           2.61	      60.845497	      -0.121691	      -0.123511
       2.620025	      60.841674	      -0.121683	      -0.123503
       2.630025	      60.835107	       -0.12167	       -0.12349
       2.640025	      60.810059	       -0.12162	       -0.12344
           2.65	      60.726166	      -0.121452	      -0.123272
       2.660025	      60.891494	      -0.121783	      -0.123603
       2.670025	      60.737487	      -0.121475	      -0.123295
       2.680025	      60.586772	      -0.121174	      -0.122993
       2.690025	      60.552381	      -0.121105	      -0.122925
            2.7	       60.38782	      -0.120776	      -0.122595
       2.710025	      60.363277	      -0.120727	      -0.122546
       2.720025	      60.153995	      -0.120308	      -0.122128
       2.730025	      59.997245	      -0.119994	      -0.121814
       2.740025	      59.779095	      -0.119558	      -0.121378
           2.75	      59.620619	      -0.119241	      -0.121061
           2.76	      59.360236	       -0.11872	       -0.12054
       2.770025	      59.147399	      -0.118295	      -0.120115
       2.780025	       58.52009	       -0.11704	       -0.11886
           2.79	      58.472006	      -0.116944	      -0.118764
            2.8	      58.296085	      -0.116592	      -0.118412
       2.810025	      57.901807	      -0.115804	      -0.117623
       2.820025	      57.553345	      -0.115107	      -0.116926
       2.830025	      57.190758	      -0.114382	      -0.116201
       2.840025	      56.886656	      -0.113773	      -0.115593
           2.85	       56.54573	      -0.113091	      -0.114911
       2.860025	       56.10431	      -0.112209	      -0.114028
       2.870025	      55.547788	      -0.111096	      -0.112915
       2.880025	      55.163845	      -0.110328	      -0.112147
       2.890025	      54.691298	      -0.109383	      -0.111202
            2.9	      54.299688	      -0.108599	      -0.110419
           2.91	      53.794382	      -0.107589	      -0.109409
       2.920025	      53.332751	      -0.106666	      -0.108485
       2.930025	      52.866865	      -0.105734	      -0.107554
       2.940025	      52.406023	      -0.104812	      -0.106632
           2.95	      51.805376	      -0.103611	      -0.105431
       2.960025	      51.301824	      -0.102604	      -0.104423
       2.970025	      50.616681	      -0.101233	      -0.103053
       2.980025	      50.040266	      -0.100081	        -0.1019
       2.990025	       49.50758	      -0.099015	      -0.100835
            3.0	      48.915818	      -0.097832	      -0.099651
           3.01	      48.307849	      -0.096616	      -0.098435
       3.020025	      47.756349	      -0.095513	      -0.097332
       3.030025	      47.242406	      -0.094485	      -0.096305
       3.040025	      46.252405	      -0.092505	      -0.094325
           3.05	      45.519004	      -0.091038	      -0.092858
       3.060025	       45.01573	      -0.090031	      -0.091851
       3.070025	      43.736405	      -0.087473	      -0.089293
       3.080025	      42.960593	      -0.085921	      -0.087741
       3.090025	      42.745002	       -0.08549	       -0.08731
            3.1	      42.366722	      -0.084733	      -0.086553
           3.11	      41.929268	      -0.083859	      -0.085678
       3.120025	      41.262638	      -0.082525	      -0.084345
       3.130025	          40.42	       -0.08084	       -0.08266
       3.140025	      39.819036	      -0.079638	      -0.081458
           3.15	      39.138457	      -0.078277	      -0.080097
       3.160025	      38.464285	      -0.076929	      -0.078748
       3.170025	      37.730834	      -0.075462	      -0.077281
       3.180025	      36.960911	      -0.073922	      -0.075742
       3.190025	      36.165169	       -0.07233	       -0.07415
            3.2	      35.465079	       -0.07093	       -0.07275
           3.21	      34.775188	       -0.06955	       -0.07137
       3.220025	      34.102441	      -0.068205	      -0.070025
       3.230025	      33.410233	       -0.06682	       -0.06864
       3.240025	      32.612267	      -0.065225	      -0.067044
           3.25	      31.913207	      -0.063826	      -0.065646
           3.26	      31.164031	      -0.062328	      -0.064148
       3.270025	      30.498853	      -0.060998	      -0.062817
       3.280025	      29.674635	      -0.059349	      -0.061169
       3.290025	       28.99687	      -0.057994	      -0.059814
            3.3	       28.12648	      -0.056253	      -0.058073
       3.310025	      27.440324	      -0.054881	        -0.0567
       3.320025	      26.748801	      -0.053498	      -0.055317
       3.330025	      25.991032	      -0.051982	      -0.053802
       3.340025	      25.421633	      -0.050843	      -0.052663
           3.35	      24.682902	      -0.049366	      -0.051186
           3.36	       23.94278	      -0.047886	      -0.049705
       3.370025	      23.293037	      -0.046586	      -0.048406
       3.380025	       22.51969	      -0.045039	      -0.046859
       3.390025	      21.924285	      -0.043849	      -0.045668
            3.4	       21.22998	       -0.04246	       -0.04428
       3.410025	      20.579848	       -0.04116	      -0.042979
       3.420025	      19.915694	      -0.039831	      -0.041651
       3.430025	      19.245137	       -0.03849	       -0.04031
       3.440025	      18.469786	       -0.03694	      -0.038759
           3.45	      17.868077	      -0.035736	      -0.037556
           3.46	      17.228319	      -0.034457	      -0.036276
       3.470025	      16.702183	      -0.033404	      -0.035224
       3.480025	      15.956847	      -0.031914	      -0.033733
       3.490025	      15.368245	      -0.030736	      -0.032556
            3.5	      14.822233	      -0.029644	      -0.031464
       3.510025	      14.195943	      -0.028392	      -0.030212
       3.520025	      13.470117	       -0.02694	       -0.02876
       3.530025	      12.947657	      -0.025895	      -0.027715
       3.540025	      12.454751	       -0.02491	      -0.026729
           3.55	      11.878517	      -0.023757	      -0.025577
           3.56	      11.349605	      -0.022699	      -0.024519
       3.570025	      10.782769	      -0.021566	      -0.023385
       3.580025	      10.299284	      -0.020599	      -0.022418
       3.590025	        9.77626	      -0.019553	      -0.021372
       3.600025	       9.261293	      -0.018523	      -0.020342
           3.61	       8.857419	      -0.017715	      -0.019535
       3.620025	       8.380677	      -0.016761	      -0.018581
       3.630025	       7.984005	      -0.015968	      -0.017788
       3.640025	       7.559652	      -0.015119	      -0.016939
           3.65	       7.120039	       -0.01424	       -0.01606
           3.66	       6.703973	      -0.013408	      -0.015228
       3.670025	       6.228917	      -0.012458	      -0.014278
       3.680025	       5.808787	      -0.011618	      -0.013437
       3.690025	       5.445011	       -0.01089	       -0.01271
            3.7	       4.869171	      -0.009738	      -0.011558
           3.71	       4.670876	      -0.009342	      -0.011162
       3.720025	       4.465028	       -0.00893	       -0.01075
       3.730025	       4.040275	      -0.008081	        -0.0099
       3.740025	       3.767436	      -0.007535	      -0.009355
           3.75	       3.439498	      -0.006879	      -0.008699
           3.76	       3.259759	       -0.00652	      -0.008339
       3.770025	       2.929449	      -0.005859	      -0.007679
       3.780025	       2.675555	      -0.005351	      -0.007171
       3.790025	       2.410242	       -0.00482	       -0.00664
       3.800025	       2.172123	      -0.004344	      -0.006164
           3.81	       1.996767	      -0.003994	      -0.005813
       3.820025	       1.747096	      -0.003494	      -0.005314
       3.830025	       1.569938	       -0.00314	       -0.00496
       3.840025	       1.457043	      -0.002914	      -0.004734
           3.85	       1.292624	      -0.002585	      -0.004405
       3.860025	       1.068154	      -0.002136	      -0.003956
       3.870025	       0.992317	      -0.001985	      -0.003804
       3.880025	       0.781009	      -0.001562	      -0.003382
       3.890025	       0.716138	      -0.001432	      -0.003252
            3.9	       0.598948	      -0.001198	      -0.003018
       3.910025	       0.451405	      -0.000903	      -0.002723
       3.920025	       0.398364	      -0.000797	      -0.002617
       3.930025	       0.303462	      -0.000607	      -0.002427
       3.940025	       0.184295	      -0.000369	      -0.002188
           3.95	       0.181305	      -0.000363	      -0.002182
           3.96	       0.136759	      -0.000274	      -0.002093
       3.970025	       0.088346	      -0.000177	      -0.001996
       3.980025	       0.043817	      -0.000088	      -0.001907
       3.990025	       0.058348	      -0.000117	      -0.001936
            4.0	       0.051376	       0.000103	      -0.001717
       4.010025	       0.065014	        0.00013	       -0.00169
       4.020025	       0.059695	       0.000119	        -0.0017
       4.030025	       0.023349	       0.000047	      -0.001773
       4.040025	       0.042656	      -0.000085	      -0.001905
           4.05	       0.052225	      -0.000104	      -0.001924
       4.060025	       0.079506	      -0.000159	      -0.001979
       4.070025	       0.001802	      -0.000004	      -0.001823
       4.080025	       0.231322	      -0.000463	      -0.002282
       4.090025	       0.101744	      -0.000203	      -0.002023
            4.1	       0.112205	      -0.000224	      -0.002044
       4.110025	       0.133736	      -0.000267	      -0.002087
       4.120025	       0.321114	      -0.000642	      -0.002462
       4.130025	       0.342026	      -0.000684	      -0.002504
       4.140025	       0.471446	      -0.000943	      -0.002763
           4.15	       0.451706	      -0.000903	      -0.002723
           4.16	       0.572647	      -0.001145	      -0.002965
       4.170025	       0.605817	      -0.001212	      -0.003031
       4.180025	       0.755359	      -0.001511	      -0.003331
       4.190025	        0.85345	      -0.001707	      -0.003527
       4.200025	       0.902678	      -0.001805	      -0.003625
       4.210025	       1.016904	      -0.002034	      -0.003854
       4.220025	       1.030904	      -0.002062	      -0.003882
       4.230025	       1.103268	      -0.002207	      -0.004026
       4.240025	       1.211562	      -0.002423	      -0.004243
           4.25	       1.352265	      -0.002705	      -0.004524
       4.260025	       1.402611	      -0.002805	      -0.004625
       4.270025	        1.48881	      -0.002978	      -0.004797
       4.280025	       1.555725	      -0.003111	      -0.004931
       4.290025	       1.705475	      -0.003411	      -0.005231
            4.3	       1.740902	      -0.003482	      -0.005302
       4.310025	       1.847317	      -0.003695	      -0.005514
           4.32	       1.981075	      -0.003962	      -0.005782
       4.330025	       1.989252	      -0.003979	      -0.005798
       4.340025	       2.143921	      -0.004288	      -0.006108
           4.35	       2.189173	      -0.004378	      -0.006198
       4.360025	       2.319294	      -0.004639	      -0.006458
       4.370025	       2.329186	      -0.004658	      -0.006478
       4.380025	         2.4935	      -0.004987	      -0.006807
       4.390025	       2.582318	      -0.005165	      -0.006984
       4.400025	       2.651976	      -0.005304	      -0.007124
       4.410025	       2.704864	       -0.00541	       -0.00723
       4.420025	        2.69007	       -0.00538	        -0.0072
       4.430025	       2.785361	      -0.005571	      -0.007391
       4.440025	       2.930374	      -0.005861	      -0.007681
       4.450025	       2.994057	      -0.005988	      -0.007808
           4.46	       2.994654	      -0.005989	      -0.007809
       4.470025	        3.03983	       -0.00608	      -0.007899
       4.480025	       3.082059	      -0.006164	      -0.007984
       4.490025	       3.137553	      -0.006275	      -0.008095
            4.5	       3.200162	        -0.0064	       -0.00822
       4.510025	       3.267482	      -0.006535	      -0.008355
       4.520025	       3.333739	      -0.006667	      -0.008487
       4.530025	       3.411564	      -0.006823	      -0.008643
       4.540025	       3.419161	      -0.006838	      -0.008658
           4.55	       3.464999	       -0.00693	       -0.00875
       4.560025	       3.442526	      -0.006885	      -0.008705
       4.570025	       3.515761	      -0.007032	      -0.008851
       4.580025	       3.591894	      -0.007184	      -0.009004
       4.590025	       3.533343	      -0.007067	      -0.008886
            4.6	       3.604864	       -0.00721	       -0.00903
       4.610025	       3.644951	       -0.00729	       -0.00911
       4.620025	       3.633515	      -0.007267	      -0.009087
       4.630025	       3.670162	       -0.00734	       -0.00916
       4.640025	       3.639534	      -0.007279	      -0.009099
           4.65	       3.722962	      -0.007446	      -0.009266
       4.660025	       3.778823	      -0.007558	      -0.009377
       4.670025	         3.6314	      -0.007263	      -0.009083
       4.680025	       3.758585	      -0.007517	      -0.009337
       4.690025	       3.627254	      -0.007255	      -0.009074
            4.7	       3.796115	      -0.007592	      -0.009412
           4.71	        3.63346	      -0.007267	      -0.009087
       4.720025	       3.706985	      -0.007414	      -0.009234
       4.730025	       3.693325	      -0.007387	      -0.009206
       4.740025	       3.651781	      -0.007304	      -0.009123
           4.75	        3.74664	      -0.007493	      -0.009313
           4.76	       3.507765	      -0.007016	      -0.008835
       4.770025	       3.639989	       -0.00728	        -0.0091
       4.780025	       3.649311	      -0.007299	      -0.009118
       4.790025	       3.324362	      -0.006649	      -0.008469
            4.8	       3.575785	      -0.007152	      -0.008971
           4.81	       3.485544	      -0.006971	      -0.008791
       4.820025	       3.153645	      -0.006307	      -0.008127
       4.830025	       3.440987	      -0.006882	      -0.008702
       4.840025	       3.580775	      -0.007162	      -0.008981
           4.85	       3.154187	      -0.006308	      -0.008128
           4.86	       2.963522	      -0.005927	      -0.007747
       4.870025	       3.280573	      -0.006561	      -0.008381
       4.880025	       3.485851	      -0.006972	      -0.008791
       4.890025	       3.271656	      -0.006543	      -0.008363
            4.9	       2.691094	      -0.005382	      -0.007202
           4.91	       2.512227	      -0.005024	      -0.006844
       4.920025	       2.653598	      -0.005307	      -0.007127
       4.930025	       3.195403	      -0.006391	      -0.008211
       4.940025	       3.573074	      -0.007146	      -0.008966
           4.95	       3.531147	      -0.007062	      -0.008882
           4.96	       3.194855	       -0.00639	      -0.008209
       4.970025	       2.746999	      -0.005494	      -0.007314
       4.980025	       2.110587	      -0.004221	      -0.006041
       4.990025	       1.550625	      -0.003101	      -0.004921

****END OF DATA****
 End Date:  10-13-2020
 End Time:  10:57:23
 