u:\PHYS 402\Lab 4 (D2)\Wirerun6_04mmwidth_27mmgauge_current.txt

DAQ PROGRAM: DIFFN4.prj 

Current Date: 
10-27-2020
Current Time: 
11:17:09
Total Number of Data Points:     
501
Number of Samples per Point:    
30000
Stepper Motor Step Size (Cycles):
10
Stepper Motor Step Size (Steps): 
400
Stepper Motor Step Size (cm):    
0.01
 Start Date:  10-27-2020
 Start Time:  11:03:23

Xpos 	Iobs 	Vobs 	Robs 
            0.0	       1.219482	      -0.002439	      -0.004255
       0.009725	       1.175046	       -0.00235	      -0.004166
       0.019725	       1.163758	      -0.002328	      -0.004144
        0.02975	       1.080554	      -0.002161	      -0.003977
        0.03975	       1.075378	      -0.002151	      -0.003967
        0.04975	        0.99711	      -0.001994	       -0.00381
       0.059725	       0.943001	      -0.001886	      -0.003702
        0.06975	       0.874811	       -0.00175	      -0.003566
        0.07975	       0.845519	      -0.001691	      -0.003507
       0.089725	       0.745605	      -0.001491	      -0.003307
       0.099725	       0.775291	      -0.001551	      -0.003367
       0.109725	       0.686944	      -0.001374	       -0.00319
        0.11975	       0.723762	      -0.001448	      -0.003264
        0.12975	        0.61917	      -0.001238	      -0.003054
        0.13975	       0.665041	       -0.00133	      -0.003146
       0.149725	       0.570407	      -0.001141	      -0.002957
       0.159725	       0.603423	      -0.001207	      -0.003023
        0.16975	       0.506658	      -0.001013	      -0.002829
        0.17975	        0.57056	      -0.001141	      -0.002957
        0.18975	       0.439952	       -0.00088	      -0.002696
       0.199725	        0.49652	      -0.000993	      -0.002809
       0.209725	       0.358868	      -0.000718	      -0.002534
        0.21975	       0.406218	      -0.000812	      -0.002628
        0.22975	       0.318847	      -0.000638	      -0.002454
        0.23975	        0.30178	      -0.000604	       -0.00242
       0.249725	       0.268216	      -0.000536	      -0.002352
       0.259725	        0.24823	      -0.000496	      -0.002313
        0.26975	       0.211654	      -0.000423	      -0.002239
        0.27975	       0.159363	      -0.000319	      -0.002135
        0.28975	       0.148732	      -0.000297	      -0.002114
        0.29975	       0.132974	      -0.000266	      -0.002082
       0.309725	       0.095357	      -0.000191	      -0.002007
        0.31975	       0.092345	      -0.000185	      -0.002001
        0.32975	       0.048884	      -0.000098	      -0.001914
        0.33975	       0.116461	      -0.000233	      -0.002049
        0.34975	       0.036182	      -0.000072	      -0.001888
       0.359725	       0.087163	      -0.000174	       -0.00199
        0.36975	        0.05963	      -0.000119	      -0.001935
        0.37975	       0.059602	      -0.000119	      -0.001935
        0.38975	       0.061065	      -0.000122	      -0.001938
       0.399725	       0.003527	      -0.000007	      -0.001823
       0.409725	       0.030201	       -0.00006	      -0.001876
       0.419725	      -0.016338	       0.000033	      -0.001783
        0.42975	      -0.025704	       0.000051	      -0.001765
        0.43975	        0.00327	      -0.000007	      -0.001823
        0.44975	       -0.02933	       0.000059	      -0.001757
       0.459725	       0.005976	      -0.000012	      -0.001828
        0.46975	       0.024921	       -0.00005	      -0.001866
        0.47975	       0.026624	      -0.000053	      -0.001869
       0.489725	       0.085033	       -0.00017	      -0.001986
       0.499725	       0.080859	      -0.000162	      -0.001978
       0.509725	        0.09516	       -0.00019	      -0.002006
        0.51975	       0.132635	      -0.000265	      -0.002081
        0.52975	       0.077288	      -0.000155	      -0.001971
        0.53975	       0.090959	      -0.000182	      -0.001998
        0.54975	       0.178101	      -0.000356	      -0.002172
       0.559725	       0.107018	      -0.000214	       -0.00203
       0.569725	        0.17505	       -0.00035	      -0.002166
        0.57975	       0.243273	      -0.000487	      -0.002303
        0.58975	       0.196181	      -0.000392	      -0.002208
        0.59975	        0.44745	      -0.000895	      -0.002711
       0.609725	       0.420623	      -0.000841	      -0.002657
        0.61975	       0.475554	      -0.000951	      -0.002767
        0.62975	       0.730975	      -0.001462	      -0.003278
        0.63975	       0.582396	      -0.001165	      -0.002981
       0.649725	       0.680969	      -0.001362	      -0.003178
        0.65975	       0.750846	      -0.001502	      -0.003318
        0.66975	       0.596237	      -0.001192	      -0.003009
        0.67975	       0.655752	      -0.001312	      -0.003128
        0.68975	       0.674013	      -0.001348	      -0.003164
       0.699725	       0.585874	      -0.001172	      -0.002988
        0.70975	       0.617888	      -0.001236	      -0.003052
        0.71975	       0.797145	      -0.001594	       -0.00341
        0.72975	       0.896955	      -0.001794	       -0.00361
        0.73975	       0.894079	      -0.001788	      -0.003604
       0.749725	       1.304488	      -0.002609	      -0.004425
        0.75975	       1.531324	      -0.003063	      -0.004879
        0.76975	       1.342116	      -0.002684	        -0.0045
        0.77975	       1.858211	      -0.003716	      -0.005532
        0.78975	       2.022444	      -0.004045	      -0.005861
       0.799725	       1.566564	      -0.003133	      -0.004949
       0.809725	       1.926396	      -0.003853	      -0.005669
        0.81975	       2.051401	      -0.004103	      -0.005919
        0.82975	       1.463303	      -0.002927	      -0.004743
       0.839725	       1.563875	      -0.003128	      -0.004944
       0.849725	       1.930948	      -0.003862	      -0.005678
        0.85975	       1.596409	      -0.003193	      -0.005009
        0.86975	       1.594957	       -0.00319	      -0.005006
        0.87975	       2.150516	      -0.004301	      -0.006117
        0.88975	        2.38812	      -0.004776	      -0.006592
        0.89975	       2.419625	      -0.004839	      -0.006655
       0.909725	       2.804553	      -0.005609	      -0.007425
        0.91975	       3.245278	      -0.006491	      -0.008307
        0.92975	       3.529169	      -0.007058	      -0.008874
        0.93975	       3.393424	      -0.006787	      -0.008603
        0.94975	       3.313759	      -0.006628	      -0.008444
       0.959725	       3.710606	      -0.007421	      -0.009237
        0.96975	       3.638373	      -0.007277	      -0.009093
        0.97975	       2.857052	      -0.005714	       -0.00753
        0.98975	       2.797323	      -0.005595	      -0.007411
       0.999725	       3.525768	      -0.007052	      -0.008868
       1.009725	        3.30999	       -0.00662	      -0.008436
        1.01975	       2.660373	      -0.005321	      -0.007137
        1.02975	       3.273923	      -0.006548	      -0.008364
        1.03975	       4.563091	      -0.009126	      -0.010942
        1.04975	       4.611153	      -0.009222	      -0.011038
        1.05975	       4.137626	      -0.008275	      -0.010091
        1.06975	       4.961335	      -0.009923	      -0.011739
        1.07975	       6.079742	      -0.012159	      -0.013976
        1.08975	       5.913477	      -0.011827	      -0.013643
        1.09975	       5.243008	      -0.010486	      -0.012302
        1.10975	       5.265947	      -0.010532	      -0.012348
        1.11975	       5.443143	      -0.010886	      -0.012702
        1.12975	       5.282783	      -0.010566	      -0.012382
        1.13975	       4.949017	      -0.009898	      -0.011714
        1.14975	       4.570354	      -0.009141	      -0.010957
       1.159725	       4.248128	      -0.008496	      -0.010312
       1.169725	       4.630619	      -0.009261	      -0.011077
        1.17975	       5.718151	      -0.011436	      -0.013252
        1.18975	         6.4405	      -0.012881	      -0.014697
        1.19975	       6.062713	      -0.012125	      -0.013941
        1.20975	       5.873302	      -0.011747	      -0.013563
       1.219725	       7.248391	      -0.014497	      -0.016313
        1.22975	        9.11818	      -0.018236	      -0.020052
        1.23975	       9.152889	      -0.018306	      -0.020122
        1.24975	         7.3502	        -0.0147	      -0.016516
        1.25975	       6.575446	      -0.013151	      -0.014967
       1.269725	       7.449199	      -0.014898	      -0.016714
        1.27975	       8.329487	      -0.016659	      -0.018475
        1.28975	       7.699248	      -0.015398	      -0.017215
       1.299725	       6.328224	      -0.012656	      -0.014472
        1.30975	       5.662481	      -0.011325	      -0.013141
        1.31975	       6.126106	      -0.012252	      -0.014068
        1.32975	       7.146729	      -0.014293	       -0.01611
       1.339725	       8.026201	      -0.016052	      -0.017868
        1.34975	       8.790367	      -0.017581	      -0.019397
       1.359725	       9.583985	      -0.019168	      -0.020984
        1.36975	      10.037164	      -0.020074	       -0.02189
        1.37975	       9.841504	      -0.019683	      -0.021499
        1.38975	       9.362023	      -0.018724	       -0.02054
       1.399725	       9.581942	      -0.019164	       -0.02098
       1.409725	      10.721934	      -0.021444	       -0.02326
        1.41975	      11.606472	      -0.023213	      -0.025029
        1.42975	      11.001521	      -0.022003	      -0.023819
        1.43975	       8.986433	      -0.017973	      -0.019789
       1.449725	       6.881148	      -0.013762	      -0.015578
       1.459725	       6.189756	       -0.01238	      -0.014196
        1.46975	       7.273514	      -0.014547	      -0.016363
        1.47975	        9.55862	      -0.019117	      -0.020933
        1.48975	      11.661567	      -0.023323	      -0.025139
        1.49975	      12.661881	      -0.025324	       -0.02714
        1.50975	      12.199724	      -0.024399	      -0.026215
        1.51975	      11.348389	      -0.022697	      -0.024513
        1.52975	      10.946935	      -0.021894	       -0.02371
        1.53975	      11.308877	      -0.022618	      -0.024434
        1.54975	      11.865678	      -0.023731	      -0.025547
        1.55975	      12.014246	      -0.024028	      -0.025845
        1.56975	       11.65202	      -0.023304	       -0.02512
        1.57975	      11.202319	      -0.022405	      -0.024221
        1.58975	      11.115582	      -0.022231	      -0.024047
       1.599725	      11.392923	      -0.022786	      -0.024602
        1.60975	       11.96281	      -0.023926	      -0.025742
        1.61975	      12.263139	      -0.024526	      -0.026342
        1.62975	      12.105249	       -0.02421	      -0.026027
        1.63975	       11.29968	      -0.022599	      -0.024415
        1.64975	      10.128397	      -0.020257	      -0.022073
       1.659725	       9.201581	      -0.018403	      -0.020219
        1.66975	       9.279789	       -0.01856	      -0.020376
       1.679725	      10.705409	      -0.021411	      -0.023227
        1.68975	      13.155985	      -0.026312	      -0.028128
       1.699725	      15.946424	      -0.031893	      -0.033709
        1.70975	       17.87448	      -0.035749	      -0.037565
        1.71975	      18.498355	      -0.036997	      -0.038813
        1.72975	      17.801344	      -0.035603	      -0.037419
        1.73975	      16.420718	      -0.032841	      -0.034657
       1.749725	      14.724346	      -0.029449	      -0.031265
       1.759725	      13.417645	      -0.026835	      -0.028651
        1.76975	      12.829695	      -0.025659	      -0.027475
        1.77975	      12.922549	      -0.025845	      -0.027661
        1.78975	      13.689235	      -0.027378	      -0.029195
        1.79975	      14.897325	      -0.029795	      -0.031611
       1.809725	      15.994196	      -0.031988	      -0.033804
        1.81975	      16.745831	      -0.033492	      -0.035308
        1.82975	      16.614012	      -0.033228	      -0.035044
       1.839725	      15.575583	      -0.031151	      -0.032967
        1.84975	      13.471097	      -0.026942	      -0.028758
       1.859725	      10.864849	       -0.02173	      -0.023546
        1.86975	       8.193813	      -0.016388	      -0.018204
        1.87975	       5.634378	      -0.011269	      -0.013085
        1.88975	       3.638504	      -0.007277	      -0.009093
        1.89975	       2.239974	       -0.00448	      -0.006296
        1.90975	       1.398339	      -0.002797	      -0.004613
       1.919725	       0.968557	      -0.001937	      -0.003753
        1.92975	       0.844933	       -0.00169	      -0.003506
        1.93975	       0.994678	      -0.001989	      -0.003805
        1.94975	       1.433874	      -0.002868	      -0.004684
       1.959725	       2.085288	      -0.004171	      -0.005987
        1.96975	       2.892363	      -0.005785	      -0.007601
        1.97975	       3.879209	      -0.007758	      -0.009574
        1.98975	       4.694932	       -0.00939	      -0.011206
       1.999725	       5.337873	      -0.010676	      -0.012492
        2.00975	       5.586355	      -0.011173	      -0.012989
        2.01975	       5.406589	      -0.010813	      -0.012629
        2.02975	       4.743032	      -0.009486	      -0.011302
        2.03975	       3.802709	      -0.007605	      -0.009421
        2.04975	       2.726307	      -0.005453	      -0.007269
       2.059725	       1.727011	      -0.003454	       -0.00527
        2.06975	       1.044893	       -0.00209	      -0.003906
        2.07975	       0.773335	      -0.001547	      -0.003363
        2.08975	       1.137566	      -0.002275	      -0.004091
        2.09975	       2.086625	      -0.004173	      -0.005989
       2.109725	       3.529169	      -0.007058	      -0.008874
        2.11975	       5.355525	      -0.010711	      -0.012527
        2.12975	        7.43509	       -0.01487	      -0.016686
        2.13975	       9.442647	      -0.018885	      -0.020701
       2.149725	      11.278539	      -0.022557	      -0.024373
       2.159725	      12.739021	      -0.025478	      -0.027294
       2.169725	      13.750821	      -0.027502	      -0.029318
        2.17975	      14.319201	      -0.028638	      -0.030454
        2.18975	      14.518378	      -0.029037	      -0.030853
        2.19975	      14.553639	      -0.029107	      -0.030923
       2.209725	      14.490033	       -0.02898	      -0.030796
        2.21975	       14.80853	      -0.029617	      -0.031433
        2.22975	      15.418219	      -0.030836	      -0.032652
        2.23975	      16.520764	      -0.033042	      -0.034858
        2.24975	       17.90984	       -0.03582	      -0.037636
       2.259725	      19.373445	      -0.038747	      -0.040563
        2.26975	      20.373008	      -0.040746	      -0.042562
        2.27975	      20.600891	      -0.041202	      -0.043018
        2.28975	      19.715904	      -0.039432	      -0.041248
       2.299725	      17.629427	      -0.035259	      -0.037075
       2.309725	      14.938223	      -0.029876	      -0.031692
        2.31975	      12.054361	      -0.024109	      -0.025925
        2.32975	       9.843684	      -0.019687	      -0.021503
        2.33975	       8.710319	      -0.017421	      -0.019237
       2.349725	       9.025841	      -0.018052	      -0.019868
        2.35975	      10.385325	      -0.020771	      -0.022587
        2.36975	      12.066964	      -0.024134	       -0.02595
        2.37975	      13.541637	      -0.027083	      -0.028899
        2.38975	      14.151918	      -0.028304	       -0.03012
       2.399725	      14.207067	      -0.028414	       -0.03023
       2.409725	      13.985878	      -0.027972	      -0.029788
        2.41975	      14.059803	       -0.02812	      -0.029936
        2.42975	      14.409897	       -0.02882	      -0.030636
        2.43975	      14.856093	      -0.029712	      -0.031528
       2.449725	      14.567781	      -0.029136	      -0.030952
       2.459725	      13.524784	       -0.02705	      -0.028866
        2.46975	      12.073421	      -0.024147	      -0.025963
        2.47975	       11.01402	      -0.022028	      -0.023844
        2.48975	      10.989301	      -0.021979	      -0.023795
        2.49975	      11.831621	      -0.023663	      -0.025479
       2.509725	      12.580687	      -0.025161	      -0.026977
        2.51975	       12.16524	       -0.02433	      -0.026147
        2.52975	      10.699565	      -0.021399	      -0.023215
        2.53975	       9.129841	       -0.01826	      -0.020076
       2.549725	       9.132355	      -0.018265	      -0.020081
       2.559725	      10.911925	      -0.021824	       -0.02364
        2.56975	      13.460532	      -0.026921	      -0.028737
        2.57975	      15.100297	      -0.030201	      -0.032017
       2.589725	      14.706518	      -0.029413	      -0.031229
       2.599725	      13.039886	       -0.02608	      -0.027896
       2.609725	      11.650382	      -0.023301	      -0.025117
        2.61975	      11.132315	      -0.022265	      -0.024081
        2.62975	      11.032368	      -0.022065	      -0.023881
        2.63975	      10.598298	      -0.021197	      -0.023013
       2.649725	       9.851943	      -0.019704	       -0.02152
       2.659725	       9.438829	      -0.018878	      -0.020694
        2.66975	       9.397597	      -0.018795	      -0.020611
        2.67975	       9.206614	      -0.018413	      -0.020229
        2.68975	       8.625593	      -0.017251	      -0.019067
        2.69975	       8.773717	      -0.017547	      -0.019363
       2.709725	      10.293342	      -0.020587	      -0.022403
        2.71975	      12.036604	      -0.024073	      -0.025889
        2.72975	      12.260471	      -0.024521	      -0.026337
        2.73975	      10.790787	      -0.021582	      -0.023398
       2.749725	       9.629949	       -0.01926	      -0.021076
       2.759725	      10.328291	      -0.020657	      -0.022473
       2.769725	      11.412499	      -0.022825	      -0.024641
        2.77975	      10.640204	       -0.02128	      -0.023096
        2.78975	       8.497553	      -0.016995	      -0.018811
        2.79975	       7.249289	      -0.014499	      -0.016315
       2.809725	       7.654784	       -0.01531	      -0.017126
        2.81975	       8.170825	      -0.016342	      -0.018158
        2.82975	       7.746121	      -0.015492	      -0.017308
        2.83975	       7.370224	       -0.01474	      -0.016556
       2.849725	        7.72189	      -0.015444	       -0.01726
       2.859725	       8.391412	      -0.016783	      -0.018599
        2.86975	        8.84584	      -0.017692	      -0.019508
        2.87975	       9.320851	      -0.018642	      -0.020458
        2.88975	       9.495666	      -0.018991	      -0.020807
       2.899725	       8.746145	      -0.017492	      -0.019308
       2.909725	       8.219709	      -0.016439	      -0.018255
        2.91975	       8.674224	      -0.017348	      -0.019164
        2.92975	       8.484638	      -0.016969	      -0.018785
        2.93975	       6.936171	      -0.013872	      -0.015688
       2.949725	        5.97658	      -0.011953	      -0.013769
       2.959725	       6.626663	      -0.013253	      -0.015069
        2.96975	         6.7339	      -0.013468	      -0.015284
        2.97975	       5.574573	      -0.011149	      -0.012965
        2.98975	       5.599171	      -0.011198	      -0.013014
       2.999725	       6.880797	      -0.013762	      -0.015578
       3.009725	       7.021144	      -0.014042	      -0.015858
        3.01975	       6.389705	      -0.012779	      -0.014595
        3.02975	       6.895448	      -0.013791	      -0.015607
        3.03975	       7.579265	      -0.015159	      -0.016975
       3.049725	       7.167137	      -0.014334	       -0.01615
       3.059725	       6.579483	      -0.013159	      -0.014975
        3.06975	       6.454806	       -0.01291	      -0.014726
        3.07975	       6.089053	      -0.012178	      -0.013994
        3.08975	       5.659053	      -0.011318	      -0.013134
       3.099725	       5.101835	      -0.010204	       -0.01202
       3.109725	       4.607883	      -0.009216	      -0.011032
        3.11975	       4.765527	      -0.009531	      -0.011347
        3.12975	       4.772313	      -0.009545	      -0.011361
        3.13975	       4.281106	      -0.008562	      -0.010378
        3.14975	       4.775117	       -0.00955	      -0.011366
       3.159725	       5.404497	      -0.010809	      -0.012625
        3.16975	       4.828246	      -0.009656	      -0.011473
        3.17975	       5.058029	      -0.010116	      -0.011932
        3.18975	       5.806897	      -0.011614	       -0.01343
       3.199725	       5.105154	       -0.01021	      -0.012026
       3.209725	       4.699648	      -0.009399	      -0.011215
        3.21975	       5.124401	      -0.010249	      -0.012065
        3.22975	       4.431295	      -0.008863	      -0.010679
        3.23975	       3.798525	      -0.007597	      -0.009413
       3.249725	       3.905784	      -0.007812	      -0.009628
       3.259725	       3.480516	      -0.006961	      -0.008777
        3.26975	       3.216254	      -0.006433	      -0.008249
        3.27975	       3.317012	      -0.006634	       -0.00845
        3.28975	       3.312882	      -0.006626	      -0.008442
        3.29975	       3.297804	      -0.006596	      -0.008412
       3.309725	       3.463597	      -0.006927	      -0.008743
        3.31975	       3.671827	      -0.007344	       -0.00916
        3.32975	       3.664307	      -0.007329	      -0.009145
        3.33975	       3.525593	      -0.007051	      -0.008867
        3.34975	       3.799242	      -0.007598	      -0.009415
       3.359725	       3.347837	      -0.006696	      -0.008512
        3.36975	       3.169786	       -0.00634	      -0.008156
        3.37975	       3.263944	      -0.006528	      -0.008344
        3.38975	       2.599927	        -0.0052	      -0.007016
       3.399725	       2.621638	      -0.005243	      -0.007059
       3.409725	        2.47111	      -0.004942	      -0.006758
        3.41975	       2.059951	       -0.00412	      -0.005936
        3.42975	       2.339434	      -0.004679	      -0.006495
        3.43975	       2.139978	       -0.00428	      -0.006096
        3.44975	       2.141818	      -0.004284	        -0.0061
       3.459725	       2.365017	       -0.00473	      -0.006546
        3.46975	       2.222464	      -0.004445	      -0.006261
        3.47975	       2.368495	      -0.004737	      -0.006553
        3.48975	       2.346417	      -0.004693	      -0.006509
        3.49975	       2.229584	      -0.004459	      -0.006275
       3.509725	       2.207374	      -0.004415	      -0.006231
        3.51975	       2.042868	      -0.004086	      -0.005902
        3.52975	       1.816207	      -0.003632	      -0.005448
        3.53975	       1.748997	      -0.003498	      -0.005314
       3.549725	       1.526696	      -0.003053	      -0.004869
       3.559725	       1.432565	      -0.002865	      -0.004681
        3.56975	       1.415838	      -0.002832	      -0.004648
        3.57975	       1.238696	      -0.002477	      -0.004293
        3.58975	       1.401888	      -0.002804	       -0.00462
       3.599725	       1.248506	      -0.002497	      -0.004313
       3.609725	        1.41896	      -0.002838	      -0.004654
        3.61975	       1.374141	      -0.002748	      -0.004564
        3.62975	       1.329107	      -0.002658	      -0.004474
        3.63975	       1.435496	      -0.002871	      -0.004687
        3.64975	       1.227818	      -0.002456	      -0.004272
       3.659725	        1.31295	      -0.002626	      -0.004442
        3.66975	       1.090972	      -0.002182	      -0.003998
        3.67975	       1.091109	      -0.002182	      -0.003998
        3.68975	       0.956765	      -0.001914	       -0.00373
       3.699725	       0.870122	       -0.00174	      -0.003556
       3.709725	        0.80163	      -0.001603	      -0.003419
        3.71975	       0.696053	      -0.001392	      -0.003208
        3.72975	       0.743375	      -0.001487	      -0.003303
        3.73975	       0.680706	      -0.001361	      -0.003177
       3.749725	       0.705463	      -0.001411	      -0.003227
       3.759725	       0.703929	      -0.001408	      -0.003224
        3.76975	       0.667966	      -0.001336	      -0.003152
        3.77975	       0.721401	      -0.001443	      -0.003259
        3.78975	       0.634046	      -0.001268	      -0.003084
       3.799725	       0.674517	      -0.001349	      -0.003165
       3.809725	       0.565554	      -0.001131	      -0.002947
        3.81975	       0.583514	      -0.001167	      -0.002983
        3.82975	        0.45996	       -0.00092	      -0.002736
        3.83975	       0.480877	      -0.000962	      -0.002778
        3.84975	       0.389305	      -0.000779	      -0.002595
       3.859725	       0.400062	        -0.0008	      -0.002616
        3.86975	        0.31619	      -0.000632	      -0.002448
        3.87975	       0.334577	      -0.000669	      -0.002485
        3.88975	       0.286236	      -0.000572	      -0.002389
       3.899725	       0.307224	      -0.000614	       -0.00243
       3.909725	       0.271201	      -0.000542	      -0.002358
        3.91975	       0.298275	      -0.000597	      -0.002413
        3.92975	       0.263079	      -0.000526	      -0.002342
        3.93975	       0.254622	      -0.000509	      -0.002325
        3.94975	       0.229849	       -0.00046	      -0.002276
       3.959725	       0.219875	       -0.00044	      -0.002256
        3.96975	       0.207836	      -0.000416	      -0.002232
        3.97975	        0.17884	      -0.000358	      -0.002174
        3.98975	       0.148206	      -0.000296	      -0.002112
        3.99975	       0.134491	      -0.000269	      -0.002085
       4.009725	        0.13212	      -0.000264	       -0.00208
        4.01975	       0.113607	      -0.000227	      -0.002043
        4.02975	       0.095237	       -0.00019	      -0.002007
        4.03975	       0.127004	      -0.000254	       -0.00207
       4.049725	       0.070885	      -0.000142	      -0.001958
       4.059725	       0.108951	      -0.000218	      -0.002034
        4.06975	       0.078186	      -0.000156	      -0.001972
        4.07975	       0.065885	      -0.000132	      -0.001948
        4.08975	       0.093566	      -0.000187	      -0.002003
       4.099725	       0.093594	      -0.000187	      -0.002003
       4.109725	       0.063984	      -0.000128	      -0.001944
        4.11975	       0.041862	      -0.000084	        -0.0019
        4.12975	         0.0431	      -0.000086	      -0.001902
        4.13975	       0.034161	      -0.000068	      -0.001884
       4.149725	       0.023311	      -0.000047	      -0.001863
       4.159725	       0.025786	      -0.000052	      -0.001868
        4.16975	       0.024855	       -0.00005	      -0.001866
        4.17975	       0.019411	      -0.000039	      -0.001855
        4.18975	       0.009295	      -0.000019	      -0.001835
        4.19975	        0.00947	      -0.000019	      -0.001835
       4.209725	        0.00551	      -0.000011	      -0.001827
        4.21975	      -0.002837	       0.000006	       -0.00181
        4.22975	       0.015407	      -0.000031	      -0.001847
        4.23975	      -0.000055	            0.0	      -0.001816
       4.249725	       0.010193	       -0.00002	      -0.001836
       4.259725	       0.025754	      -0.000052	      -0.001868
        4.26975	       0.030322	      -0.000061	      -0.001877
        4.27975	       0.011984	      -0.000024	       -0.00184
        4.28975	       0.022429	      -0.000045	      -0.001861
       4.299725	       0.015314	      -0.000031	      -0.001847
       4.309725	       0.013786	      -0.000028	      -0.001844
        4.31975	      -0.000301	       0.000001	      -0.001815
        4.32975	      -0.008112	       0.000016	        -0.0018
        4.33975	       0.005417	      -0.000011	      -0.001827
       4.349725	       0.010993	      -0.000022	      -0.001838
       4.359725	      -0.009486	       0.000019	      -0.001797
        4.36975	      -0.003905	       0.000008	      -0.001808
        4.37975	       -0.00821	       0.000016	        -0.0018
        4.38975	       0.017801	      -0.000036	      -0.001852
       4.399725	       0.031691	      -0.000063	      -0.001879
       4.409725	       0.021268	      -0.000043	      -0.001859
        4.41975	       0.016081	      -0.000032	      -0.001848
        4.42975	       0.020616	      -0.000041	      -0.001857
        4.43975	       0.039435	      -0.000079	      -0.001895
        4.44975	       0.036007	      -0.000072	      -0.001888
       4.459725	       0.039496	      -0.000079	      -0.001895
        4.46975	       0.017735	      -0.000035	      -0.001852
        4.47975	       0.024412	      -0.000049	      -0.001865
        4.48975	       0.019975	       -0.00004	      -0.001856
        4.49975	       0.045959	      -0.000092	      -0.001908
       4.509725	       0.046693	      -0.000093	      -0.001909
        4.51975	       0.048539	      -0.000097	      -0.001913
        4.52975	       0.039649	      -0.000079	      -0.001895
        4.53975	       0.041435	      -0.000083	      -0.001899
        4.54975	       0.058627	      -0.000117	      -0.001933
        4.55975	       0.084551	      -0.000169	      -0.001985
        4.56975	       0.084606	      -0.000169	      -0.001985
        4.57975	       0.072304	      -0.000145	      -0.001961
        4.58975	       0.068037	      -0.000136	      -0.001952
       4.599725	       0.065211	       -0.00013	      -0.001946
       4.609725	       0.053906	      -0.000108	      -0.001924
       4.619725	       0.058847	      -0.000118	      -0.001934
        4.62975	       0.059361	      -0.000119	      -0.001935
        4.63975	        0.05981	       -0.00012	      -0.001936
       4.649725	       0.066213	      -0.000132	      -0.001948
       4.659725	       0.051354	      -0.000103	      -0.001919
        4.66975	       0.083045	      -0.000166	      -0.001982
        4.67975	       0.073925	      -0.000148	      -0.001964
        4.68975	       0.078449	      -0.000157	      -0.001973
       4.699725	       0.097871	      -0.000196	      -0.002012
        4.70975	       0.110387	      -0.000221	      -0.002037
        4.71975	       0.094886	       -0.00019	      -0.002006
        4.72975	       0.102992	      -0.000206	      -0.002022
        4.73975	       0.089584	      -0.000179	      -0.001995
       4.749725	       0.097981	      -0.000196	      -0.002012
       4.759725	       0.079391	      -0.000159	      -0.001975
        4.76975	       0.076499	      -0.000153	      -0.001969
        4.77975	       0.061695	      -0.000123	      -0.001939
        4.78975	        0.05693	      -0.000114	       -0.00193
        4.79975	       0.076226	      -0.000152	      -0.001969
       4.809725	       0.062007	      -0.000124	       -0.00194
        4.81975	       0.061826	      -0.000124	       -0.00194
        4.82975	        0.07777	      -0.000156	      -0.001972
        4.83975	       0.085624	      -0.000171	      -0.001987
       4.849725	       0.091846	      -0.000184	         -0.002
       4.859725	       0.106887	      -0.000214	       -0.00203
        4.86975	       0.104778	       -0.00021	      -0.002026
        4.87975	       0.104455	      -0.000209	      -0.002025
        4.88975	       0.110929	      -0.000222	      -0.002038
        4.89975	       0.084545	      -0.000169	      -0.001985
       4.909725	        0.10388	      -0.000208	      -0.002024
        4.91975	       0.062379	      -0.000125	      -0.001941
        4.92975	       0.066076	      -0.000132	      -0.001948
        4.93975	       0.065414	      -0.000131	      -0.001947
       4.949725	       0.072244	      -0.000144	      -0.001961
       4.959725	       0.060364	      -0.000121	      -0.001937
        4.96975	       0.060188	       -0.00012	      -0.001936
        4.97975	       0.045756	      -0.000092	      -0.001908
        4.98975	        0.08248	      -0.000165	      -0.001981
       4.999725	       0.092252	      -0.000185	      -0.002001

****END OF DATA****
 End Date:  10-27-2020
 End Time:  10:55:17
 